# Created by Octave 5.1.0, Thu Aug 22 12:33:21 2019 GMT <unknown@DESKTOP-4I0HDPC>
# name: accuracy_CCA
# type: cell
# rows: 1
# columns: 50
# name: <cell-element>
# type: matrix
# rows: 12
# columns: 4
 2.0833333333333335 2.5 2.9166666666666665 3.3333333333333335
 4.166666666666667 2.5 4.583333333333333 2.5
 12.5 8.3333333333333339 8.75 8.3333333333333339
 32.5 22.083333333333332 18.333333333333332 10.416666666666666
 63.75 42.083333333333336 39.583333333333336 17.5
 78.75 62.5 58.333333333333336 24.166666666666668
 85.416666666666671 74.166666666666671 67.083333333333329 32.5
 89.583333333333329 81.666666666666671 79.583333333333329 45.416666666666664
 93.333333333333329 87.083333333333329 81.666666666666671 51.25
 95.416666666666671 92.083333333333329 88.333333333333329 57.5
 96.666666666666671 91.666666666666671 88.75 61.666666666666664
 95.833333333333329 87.916666666666671 84.583333333333329 55.416666666666664



# name: <cell-element>
# type: matrix
# rows: 12
# columns: 4
 2.0833333333333335 1.6666666666666667 0.83333333333333337 2.9166666666666665
 4.166666666666667 3.75 3.3333333333333335 3.3333333333333335
 12.5 8.75 7.083333333333333 7.083333333333333
 32.5 19.583333333333332 10.416666666666666 10.833333333333334
 63.75 40.416666666666664 20.416666666666668 20.416666666666668
 78.75 57.916666666666664 27.083333333333332 27.083333333333332
 85.416666666666671 70.833333333333329 41.25 36.25
 89.583333333333329 82.5 47.083333333333336 42.916666666666664
 93.333333333333329 87.5 53.333333333333336 50.833333333333336
 95.416666666666671 88.75 56.666666666666664 55
 96.666666666666671 90.416666666666671 59.583333333333336 58.333333333333336
 95.833333333333329 85.833333333333329 55.833333333333336 50.833333333333336



# name: <cell-element>
# type: matrix
# rows: 12
# columns: 4
 2.0833333333333335 2.5 2.5 4.166666666666667
 4.166666666666667 2.5 3.3333333333333335 5.416666666666667
 12.5 6.666666666666667 7.083333333333333 5.416666666666667
 32.5 16.666666666666668 10 10.416666666666666
 63.75 34.166666666666664 18.333333333333332 17.916666666666668
 78.75 56.666666666666664 24.583333333333332 27.083333333333332
 85.416666666666671 67.5 33.333333333333336 35
 89.583333333333329 75.416666666666671 40 44.583333333333336
 93.333333333333329 82.5 47.5 52.916666666666664
 95.416666666666671 90 54.166666666666664 58.75
 96.666666666666671 90 55.416666666666664 59.166666666666664
 95.833333333333329 85 52.083333333333336 53.333333333333336



# name: <cell-element>
# type: matrix
# rows: 12
# columns: 4
 2.0833333333333335 3.3333333333333335 3.75 2.9166666666666665
 4.166666666666667 2.5 3.3333333333333335 5.833333333333333
 12.5 8.3333333333333339 5.416666666666667 5.416666666666667
 32.5 16.666666666666668 10.416666666666666 10
 63.75 37.916666666666664 20.833333333333332 16.666666666666668
 78.75 59.583333333333336 25 22.5
 85.416666666666671 72.916666666666671 36.666666666666664 34.583333333333336
 89.583333333333329 80.833333333333329 42.5 43.75
 93.333333333333329 85.416666666666671 49.583333333333336 47.916666666666664
 95.416666666666671 91.666666666666671 55.416666666666664 52.083333333333336
 96.666666666666671 92.916666666666671 57.916666666666664 57.5
 95.833333333333329 89.166666666666671 50.416666666666664 53.333333333333336



# name: <cell-element>
# type: matrix
# rows: 12
# columns: 4
 2.0833333333333335 3.3333333333333335 2.5 3.3333333333333335
 4.166666666666667 3.75 5.833333333333333 4.583333333333333
 12.5 7.083333333333333 8.75 5.833333333333333
 32.5 19.166666666666668 10.416666666666666 9.1666666666666661
 63.75 37.916666666666664 15.416666666666666 18.333333333333332
 78.75 56.25 21.25 25.833333333333332
 85.416666666666671 67.916666666666671 32.083333333333336 33.75
 89.583333333333329 76.666666666666671 40.416666666666664 40.833333333333336
 93.333333333333329 84.583333333333329 50 47.5
 95.416666666666671 90 57.083333333333336 56.25
 96.666666666666671 92.083333333333329 57.916666666666664 57.916666666666664
 95.833333333333329 88.75 50 51.25



# name: <cell-element>
# type: matrix
# rows: 12
# columns: 4
 2.0833333333333335 3.3333333333333335 4.583333333333333 3.75
 4.166666666666667 5.416666666666667 5.416666666666667 3.75
 12.5 10.416666666666666 9.1666666666666661 6.25
 32.5 24.166666666666668 12.083333333333334 10
 63.75 42.5 21.25 20.416666666666668
 78.75 59.583333333333336 29.583333333333332 27.5
 85.416666666666671 77.5 38.333333333333336 37.5
 89.583333333333329 83.75 47.083333333333336 46.25
 93.333333333333329 89.166666666666671 51.666666666666664 51.666666666666664
 95.416666666666671 93.75 55.833333333333336 58.75
 96.666666666666671 95.416666666666671 56.666666666666664 59.583333333333336
 95.833333333333329 90.833333333333329 53.333333333333336 56.666666666666664



# name: <cell-element>
# type: matrix
# rows: 12
# columns: 4
 2.0833333333333335 3.75 2.5 3.75
 4.166666666666667 2.9166666666666665 4.166666666666667 3.3333333333333335
 12.5 7.916666666666667 7.5 4.583333333333333
 32.5 19.583333333333332 10.833333333333334 7.5
 63.75 33.333333333333336 17.5 17.916666666666668
 78.75 50.833333333333336 23.333333333333332 22.916666666666668
 85.416666666666671 65.833333333333329 31.25 30
 89.583333333333329 78.75 40 40.416666666666664
 93.333333333333329 84.166666666666671 45.833333333333336 42.916666666666664
 95.416666666666671 88.75 50 50
 96.666666666666671 90 55 50.833333333333336
 95.833333333333329 87.5 50 45.833333333333336



# name: <cell-element>
# type: matrix
# rows: 12
# columns: 4
 2.0833333333333335 5 1.25 1.6666666666666667
 4.166666666666667 2.5 2.5 4.166666666666667
 12.5 6.666666666666667 4.166666666666667 5.833333333333333
 32.5 17.083333333333332 7.916666666666667 9.1666666666666661
 63.75 43.333333333333336 17.5 20
 78.75 57.916666666666664 28.75 26.25
 85.416666666666671 73.333333333333329 39.166666666666664 35.416666666666664
 89.583333333333329 80 49.166666666666664 45
 93.333333333333329 85 55.416666666666664 55
 95.416666666666671 87.083333333333329 58.333333333333336 60.416666666666664
 96.666666666666671 88.75 60 60.833333333333336
 95.833333333333329 86.25 54.166666666666664 54.583333333333336



# name: <cell-element>
# type: matrix
# rows: 12
# columns: 4
 2.0833333333333335 1.6666666666666667 3.75 2.5
 4.166666666666667 2.5 5.416666666666667 2.9166666666666665
 12.5 11.25 8.75 6.25
 32.5 25.833333333333332 9.5833333333333339 8.3333333333333339
 63.75 47.5 20.833333333333332 18.75
 78.75 67.5 24.583333333333332 26.25
 85.416666666666671 76.25 37.916666666666664 30.833333333333332
 89.583333333333329 84.583333333333329 42.916666666666664 43.75
 93.333333333333329 87.5 52.916666666666664 51.25
 95.416666666666671 90 57.916666666666664 56.25
 96.666666666666671 90.416666666666671 60.833333333333336 56.25
 95.833333333333329 88.333333333333329 56.25 50.416666666666664



# name: <cell-element>
# type: matrix
# rows: 12
# columns: 4
 2.0833333333333335 3.3333333333333335 2.5 2.0833333333333335
 4.166666666666667 3.75 2.9166666666666665 3.3333333333333335
 12.5 10.833333333333334 3.75 8.75
 32.5 22.5 7.916666666666667 10.416666666666666
 63.75 44.166666666666664 15.833333333333334 19.166666666666668
 78.75 59.166666666666664 23.75 23.333333333333332
 85.416666666666671 70 34.166666666666664 34.583333333333336
 89.583333333333329 80 41.25 43.333333333333336
 93.333333333333329 83.333333333333329 47.083333333333336 50
 95.416666666666671 87.083333333333329 52.083333333333336 52.083333333333336
 96.666666666666671 87.916666666666671 55 55.416666666666664
 95.833333333333329 86.25 51.25 52.5



